1000 2031.513
2000 885.813
3000 58.704
4000 1127.227
5000 82.767
6000 78.295
7000 170.722
8000 52.619
9000 54.134
10000 53.252
11000 80.182
12000 671.446
13000 86.163
14000 52.513
15000 52.585
16000 52.504
17000 52.569
18000 53.924
19000 64.301
20000 52.522
21000 52.504
22000 52.517
23000 52.474
24000 52.633
25000 52.597
26000 52.627
27000 55.542
28000 52.477
29000 52.567
30000 53.264
31000 53.886
32000 52.61
33000 92.231
34000 52.593
35000 53.823
36000 52.571
37000 53.279
38000 52.598
39000 53.652
40000 53.99
41000 259.574
42000 53.383
43000 54.681
44000 52.4
45000 52.29
46000 55.476
47000 53.777
48000 53.024
49000 65.369
50000 52.759
51000 52.163
52000 53.134
53000 332.993
54000 52.262
55000 52.283
56000 52.143
57000 52.162
58000 52.168
59000 52.193
60000 52.092
61000 53.275
62000 52.47
63000 61.534
64000 53.812
65000 52.169
66000 52.24
67000 52.165
68000 207.255
69000 52.844
70000 53.245
71000 52.294
72000 52.593
73000 52.948
74000 52.677
75000 100.623
76000 94.667
77000 52.958
78000 53.448
79000 52.226
80000 52.654
81000 413.529
82000 342.957
83000 330.179
84000 342.472
85000 328.589
86000 327.038
87000 319.477
88000 343.064
89000 333.802
90000 333.357
91000 320.327
92000 72.44
93000 54.559
94000 54.606
95000 54.43
96000 54.166
97000 54.392
98000 54.472
99000 74.995
